46.64973321360781
47.97603716891554
49.4787518086515
48.052924655519234
48.069539906403804
48.06643775703347
48.07910780771426
48.0154121721074
57.89325593006991
42.22115297478845
59.35841567372756
64.01324292800795
56.969400657299516
53.59746396828106
29.2004163756679
36.98889565869543
61.41730675587041
41.17839657731719
39.19530842788177
59.46311282201883
36.0546955001421
40.793280850576174
64.38477527038008
58.665250678389434
36.07417360282343
64.2150729208833
63.9314315287808
54.425661987978195
53.63290940682409
48.56601862349919
37.79550739940993
49.713900516094796
56.91727390549096
30.18228824034115
33.475183558421
59.77187248690714
58.77634588218167
56.128130557012504
30.030547580203454
38.853160914899505
61.67425095136454
45.58238477308857
49.829662176171794
58.407218428538734
44.35998731545579
57.09366965433739
53.62959942072722
38.76394544979151
46.442773053331216
55.5845389469587
54.647315661674995
62.65449112383503
57.826214384603716
53.29962347154259
39.19827091881765
45.30660756257034
47.23856329246906
46.147003552824486
55.42734297485271
58.5566490302593
58.48894637833973
50.318265086405795
29.161706420253857
29.020171950142107
37.38240402119092
57.87488439444973
47.354262691758855
29.013800248304996
56.25300140991955
64.80966159178854
62.18995368441091
29.985568719148063
